==============================
Undirected mode not set
Number of nodes is 9

PRINTING ADJACENCY LIST:
1	[6,4,5]
2	[3,5,6]
3	[6]
4	[6,7]
5	[6,3]
6	null
7	[6,8,9]
8	[6]
9	[6,3]


PRINTING ADJACENCY MATRIX:
      1  2  3  4  5  6  7  8  9
     ---------------------------
  1:  0  0  0  1  1  1  0  0  0
  2:  0  0  1  0  1  1  0  0  0
  3:  0  0  0  0  0  1  0  0  0
  4:  0  0  0  0  0  1  1  0  0
  5:  0  0  1  0  0  1  0  0  0
  6:  0  0  0  0  0  0  0  0  0
  7:  0  0  0  0  0  1  0  1  1
  8:  0  0  0  0  0  1  0  0  0
  9:  0  0  1  0  0  1  0  0  0
==============================

PRINTING TRANSPOSED ADJACENCY LIST:
1	null
2	null
3	[2,5,9]
4	[1]
5	[1,2]
6	[1,2,3,4,5,7,8,9]
7	[4]
8	[7]
9	[7]


PRINTING TRANSPOSED ADJACENCY MATRIX:
      1  2  3  4  5  6  7  8  9
     ---------------------------
  1:  0  0  0  0  0  0  0  0  0
  2:  0  0  0  0  0  0  0  0  0
  3:  0  1  0  0  1  0  0  0  1
  4:  1  0  0  0  0  0  0  0  0
  5:  1  1  0  0  0  0  0  0  0
  6:  1  1  1  1  1  0  1  1  1
  7:  0  0  0  1  0  0  0  0  0
  8:  0  0  0  0  0  0  1  0  0
  9:  0  0  0  0  0  0  1  0  0
==============================

PRINTING TWICE TRANSPOSED ADJACENCY LIST:
1	[4,5,6]
2	[3,5,6]
3	[6]
4	[6,7]
5	[3,6]
6	null
7	[6,8,9]
8	[6]
9	[3,6]


PRINTING TWICE TRANSPOSED ADJACENCY MATRIX:
      1  2  3  4  5  6  7  8  9
     ---------------------------
  1:  0  0  0  1  1  1  0  0  0
  2:  0  0  1  0  1  1  0  0  0
  3:  0  0  0  0  0  1  0  0  0
  4:  0  0  0  0  0  1  1  0  0
  5:  0  0  1  0  0  1  0  0  0
  6:  0  0  0  0  0  0  0  0  0
  7:  0  0  0  0  0  1  0  1  1
  8:  0  0  0  0  0  1  0  0  0
  9:  0  0  1  0  0  1  0  0  0
==============================
