==============================
Undirected mode not set
Number of nodes is 19

PRINTING ADJACENCY LIST:
1	[5,3,19]
2	null
3	[12,15]
4	null
5	[15]
6	null
7	[19,3,12]
8	null
9	null
10	null
11	null
12	null
13	null
14	null
15	[7]
16	null
17	null
18	null
19	[5,15]


PRINTING ADJACENCY MATRIX:
      1  2  3  4  5  6  7  8  9 10 11 12 13 14 15 16 17 18 19
     ---------------------------------------------------------
  1:  0  0  1  0  1  0  0  0  0  0  0  0  0  0  0  0  0  0  1
  2:  0  0  0  0  0  0  0  0  0  0  0  0  0  0  0  0  0  0  0
  3:  0  0  0  0  0  0  0  0  0  0  0  1  0  0  1  0  0  0  0
  4:  0  0  0  0  0  0  0  0  0  0  0  0  0  0  0  0  0  0  0
  5:  0  0  0  0  0  0  0  0  0  0  0  0  0  0  1  0  0  0  0
  6:  0  0  0  0  0  0  0  0  0  0  0  0  0  0  0  0  0  0  0
  7:  0  0  1  0  0  0  0  0  0  0  0  1  0  0  0  0  0  0  1
  8:  0  0  0  0  0  0  0  0  0  0  0  0  0  0  0  0  0  0  0
  9:  0  0  0  0  0  0  0  0  0  0  0  0  0  0  0  0  0  0  0
 10:  0  0  0  0  0  0  0  0  0  0  0  0  0  0  0  0  0  0  0
 11:  0  0  0  0  0  0  0  0  0  0  0  0  0  0  0  0  0  0  0
 12:  0  0  0  0  0  0  0  0  0  0  0  0  0  0  0  0  0  0  0
 13:  0  0  0  0  0  0  0  0  0  0  0  0  0  0  0  0  0  0  0
 14:  0  0  0  0  0  0  0  0  0  0  0  0  0  0  0  0  0  0  0
 15:  0  0  0  0  0  0  1  0  0  0  0  0  0  0  0  0  0  0  0
 16:  0  0  0  0  0  0  0  0  0  0  0  0  0  0  0  0  0  0  0
 17:  0  0  0  0  0  0  0  0  0  0  0  0  0  0  0  0  0  0  0
 18:  0  0  0  0  0  0  0  0  0  0  0  0  0  0  0  0  0  0  0
 19:  0  0  0  0  1  0  0  0  0  0  0  0  0  0  1  0  0  0  0
==============================

PRINTING TRANSPOSED ADJACENCY LIST:
1	null
2	null
3	[1,7]
4	null
5	[1,19]
6	null
7	[15]
8	null
9	null
10	null
11	null
12	[3,7]
13	null
14	null
15	[3,5,19]
16	null
17	null
18	null
19	[1,7]


PRINTING TRANSPOSED ADJACENCY MATRIX:
      1  2  3  4  5  6  7  8  9 10 11 12 13 14 15 16 17 18 19
     ---------------------------------------------------------
  1:  0  0  0  0  0  0  0  0  0  0  0  0  0  0  0  0  0  0  0
  2:  0  0  0  0  0  0  0  0  0  0  0  0  0  0  0  0  0  0  0
  3:  1  0  0  0  0  0  1  0  0  0  0  0  0  0  0  0  0  0  0
  4:  0  0  0  0  0  0  0  0  0  0  0  0  0  0  0  0  0  0  0
  5:  1  0  0  0  0  0  0  0  0  0  0  0  0  0  0  0  0  0  1
  6:  0  0  0  0  0  0  0  0  0  0  0  0  0  0  0  0  0  0  0
  7:  0  0  0  0  0  0  0  0  0  0  0  0  0  0  1  0  0  0  0
  8:  0  0  0  0  0  0  0  0  0  0  0  0  0  0  0  0  0  0  0
  9:  0  0  0  0  0  0  0  0  0  0  0  0  0  0  0  0  0  0  0
 10:  0  0  0  0  0  0  0  0  0  0  0  0  0  0  0  0  0  0  0
 11:  0  0  0  0  0  0  0  0  0  0  0  0  0  0  0  0  0  0  0
 12:  0  0  1  0  0  0  1  0  0  0  0  0  0  0  0  0  0  0  0
 13:  0  0  0  0  0  0  0  0  0  0  0  0  0  0  0  0  0  0  0
 14:  0  0  0  0  0  0  0  0  0  0  0  0  0  0  0  0  0  0  0
 15:  0  0  1  0  1  0  0  0  0  0  0  0  0  0  0  0  0  0  1
 16:  0  0  0  0  0  0  0  0  0  0  0  0  0  0  0  0  0  0  0
 17:  0  0  0  0  0  0  0  0  0  0  0  0  0  0  0  0  0  0  0
 18:  0  0  0  0  0  0  0  0  0  0  0  0  0  0  0  0  0  0  0
 19:  1  0  0  0  0  0  1  0  0  0  0  0  0  0  0  0  0  0  0
==============================

PRINTING TWICE TRANSPOSED ADJACENCY LIST:
1	[3,5,19]
2	null
3	[12,15]
4	null
5	[15]
6	null
7	[3,12,19]
8	null
9	null
10	null
11	null
12	null
13	null
14	null
15	[7]
16	null
17	null
18	null
19	[5,15]


PRINTING TWICE TRANSPOSED ADJACENCY MATRIX:
      1  2  3  4  5  6  7  8  9 10 11 12 13 14 15 16 17 18 19
     ---------------------------------------------------------
  1:  0  0  1  0  1  0  0  0  0  0  0  0  0  0  0  0  0  0  1
  2:  0  0  0  0  0  0  0  0  0  0  0  0  0  0  0  0  0  0  0
  3:  0  0  0  0  0  0  0  0  0  0  0  1  0  0  1  0  0  0  0
  4:  0  0  0  0  0  0  0  0  0  0  0  0  0  0  0  0  0  0  0
  5:  0  0  0  0  0  0  0  0  0  0  0  0  0  0  1  0  0  0  0
  6:  0  0  0  0  0  0  0  0  0  0  0  0  0  0  0  0  0  0  0
  7:  0  0  1  0  0  0  0  0  0  0  0  1  0  0  0  0  0  0  1
  8:  0  0  0  0  0  0  0  0  0  0  0  0  0  0  0  0  0  0  0
  9:  0  0  0  0  0  0  0  0  0  0  0  0  0  0  0  0  0  0  0
 10:  0  0  0  0  0  0  0  0  0  0  0  0  0  0  0  0  0  0  0
 11:  0  0  0  0  0  0  0  0  0  0  0  0  0  0  0  0  0  0  0
 12:  0  0  0  0  0  0  0  0  0  0  0  0  0  0  0  0  0  0  0
 13:  0  0  0  0  0  0  0  0  0  0  0  0  0  0  0  0  0  0  0
 14:  0  0  0  0  0  0  0  0  0  0  0  0  0  0  0  0  0  0  0
 15:  0  0  0  0  0  0  1  0  0  0  0  0  0  0  0  0  0  0  0
 16:  0  0  0  0  0  0  0  0  0  0  0  0  0  0  0  0  0  0  0
 17:  0  0  0  0  0  0  0  0  0  0  0  0  0  0  0  0  0  0  0
 18:  0  0  0  0  0  0  0  0  0  0  0  0  0  0  0  0  0  0  0
 19:  0  0  0  0  1  0  0  0  0  0  0  0  0  0  1  0  0  0  0
==============================
