Undirected mode not set
Number of nodes is 19

Printing the Adjacency List

1	[5,3,19]
2	[]
3	[12,15]
4	[]
5	[15]
6	[]
7	[19,3,12]
8	[]
9	[]
10	[]
11	[]
12	[]
13	[]
14	[]
15	[7]
16	[]
17	[]
18	[]
19	[5,15]

Printing Adjacency Matrix
===========================

      1  2  3  4  5  6  7  8  9 10 11 12 13 14 15 16 17 18 19
     ---------------------------------------------------------
  1:  0  0  1  0  1  0  0  0  0  0  0  0  0  0  0  0  0  0  1
  2:  0  0  0  0  0  0  0  0  0  0  0  0  0  0  0  0  0  0  0
  3:  0  0  0  0  0  0  0  0  0  0  0  1  0  0  1  0  0  0  0
  4:  0  0  0  0  0  0  0  0  0  0  0  0  0  0  0  0  0  0  0
  5:  0  0  0  0  0  0  0  0  0  0  0  0  0  0  1  0  0  0  0
  6:  0  0  0  0  0  0  0  0  0  0  0  0  0  0  0  0  0  0  0
  7:  0  0  1  0  0  0  0  0  0  0  0  1  0  0  0  0  0  0  1
  8:  0  0  0  0  0  0  0  0  0  0  0  0  0  0  0  0  0  0  0
  9:  0  0  0  0  0  0  0  0  0  0  0  0  0  0  0  0  0  0  0
 10:  0  0  0  0  0  0  0  0  0  0  0  0  0  0  0  0  0  0  0
 11:  0  0  0  0  0  0  0  0  0  0  0  0  0  0  0  0  0  0  0
 12:  0  0  0  0  0  0  0  0  0  0  0  0  0  0  0  0  0  0  0
 13:  0  0  0  0  0  0  0  0  0  0  0  0  0  0  0  0  0  0  0
 14:  0  0  0  0  0  0  0  0  0  0  0  0  0  0  0  0  0  0  0
 15:  0  0  0  0  0  0  1  0  0  0  0  0  0  0  0  0  0  0  0
 16:  0  0  0  0  0  0  0  0  0  0  0  0  0  0  0  0  0  0  0
 17:  0  0  0  0  0  0  0  0  0  0  0  0  0  0  0  0  0  0  0
 18:  0  0  0  0  0  0  0  0  0  0  0  0  0  0  0  0  0  0  0
 19:  0  0  0  0  1  0  0  0  0  0  0  0  0  0  1  0  0  0  0



vertex  Color  dTime  fTime    parent
==============================================
1        B     1     14        -1
2        B    15     16        -1
3        B     7     10         1
4        B    17     18        -1
5        B     2     13         1
6        B    19     20        -1
7        B     4     11         1
8        B    21     22        -1
9        B    23     24        -1
10        B    25     26        -1
11        B    27     28        -1
12        B     8      9         1
13        B    29     30        -1
14        B    31     32        -1
15        B     3     12         1
16        B    33     34        -1
17        B    35     36        -1
18        B    37     38        -1
19        B     5      6         1

FSTK: 19 12 3 7 15 5 1 2 4 6 8 9 10 11 13 14 16 17 18 

vertex  Color  dTime  fTime    dfsLeader
==============================================
1        B    25     26         1
2        B    23     24         2
3        B    31     32         5
4        B    21     22         4
5        B    27     36         5
6        B    19     20         6
7        B    29     34         5
8        B    17     18         8
9        B    15     16         9
10        B    13     14        10
11        B    11     12        11
12        B    37     38        12
13        B     9     10        13
14        B     7      8        14
15        B    30     33         5
16        B     5      6        16
17        B     3      4        17
18        B     1      2        18
19        B    28     35         5

End of scope