Undirected mode not set
Number of nodes is 9

Printing the Adjacency List

1	[6,4,5]
2	[3,5,6]
3	[6]
4	[6,7]
5	[6,3]
6	[]
7	[6,8,9]
8	[6]
9	[6,3]

Printing Adjacency Matrix
===========================

      1  2  3  4  5  6  7  8  9
     ---------------------------
  1:  0  0  0  1  1  1  0  0  0
  2:  0  0  1  0  1  1  0  0  0
  3:  0  0  0  0  0  1  0  0  0
  4:  0  0  0  0  0  1  1  0  0
  5:  0  0  1  0  0  1  0  0  0
  6:  0  0  0  0  0  0  0  0  0
  7:  0  0  0  0  0  1  0  1  1
  8:  0  0  0  0  0  1  0  0  0
  9:  0  0  1  0  0  1  0  0  0



vertex  Color  dTime  fTime    parent
==============================================
1        B     1     16        -1
2        B    17     18        -1
3        B     9     10         1
4        B     4     13         1
5        B    14     15         1
6        B     2      3         1
7        B     5     12         1
8        B     6      7         1
9        B     8     11         1

FSTK: 6 8 3 9 7 4 5 1 2 

vertex  Color  dTime  fTime    dfsLeader
==============================================
1        B     3      4         1
2        B     1      2         2
3        B    13     14         3
4        B     7      8         4
5        B     5      6         5
6        B    17     18         6
7        B     9     10         7
8        B    15     16         8
9        B    11     12         9

End of scope