Undirected mode not set
Number of nodes is 21

Printing the Adjacency List

1	[]
2	[]
3	[]
4	[]
5	[]
6	[]
7	[]
8	[]
9	[]
10	[]
11	[]
12	[]
13	[]
14	[]
15	[]
16	[]
17	[]
18	[]
19	[]
20	[]
21	[]

Printing Adjacency Matrix
===========================

Not printing: n>20

vertex  Color  dTime  fTime    parent
==============================================
1        B     1      2        -1
2        B     3      4        -1
3        B     5      6        -1
4        B     7      8        -1
5        B     9     10        -1
6        B    11     12        -1
7        B    13     14        -1
8        B    15     16        -1
9        B    17     18        -1
10        B    19     20        -1
11        B    21     22        -1
12        B    23     24        -1
13        B    25     26        -1
14        B    27     28        -1
15        B    29     30        -1
16        B    31     32        -1
17        B    33     34        -1
18        B    35     36        -1
19        B    37     38        -1
20        B    39     40        -1
21        B    41     42        -1

FSTK: 1 2 3 4 5 6 7 8 9 10 11 12 13 14 15 16 17 18 19 20 21 

vertex  Color  dTime  fTime    dfsLeader
==============================================
1        B    41     42         1
2        B    39     40         2
3        B    37     38         3
4        B    35     36         4
5        B    33     34         5
6        B    31     32         6
7        B    29     30         7
8        B    27     28         8
9        B    25     26         9
10        B    23     24        10
11        B    21     22        11
12        B    19     20        12
13        B    17     18        13
14        B    15     16        14
15        B    13     14        15
16        B    11     12        16
17        B     9     10        17
18        B     7      8        18
19        B     5      6        19
20        B     3      4        20
21        B     1      2        21

End of scope